                                                   0000001000101110110111010111                                                                            
1100001110101101000010110111111011111100010000110100010011111000011111111001010010001011001110110111011111111011111101010010100101
1101111101110001101010111010110000110110001111100110100101001111000110111000011101111010110111000000111100111001000101000011111001
0101111001111111000101000100100111011000110001011111101011100001011001101000101101100000000111000101001010111010101000100100001111
1110111011010010000111111110011101110011100000011101000000001100111000001001101111000011011110010101010001011110110100000000001100
1011100011010110110100000000101000011000000110000011110001011010110001011000011000000001000001110000101100110101101001011100000110
1110100001111001110000011010010101101111010001010011111110001110011100010010000010000111100100100111101111000011100010010010001000
0001000011000011010111000101110010000000001000111101110010110100100001111100001100100100101111001001010101011110001110110000100110
1111010101000010100111011101110010111010110100000111100111010101011011000100010000001010000011101001110001111010110000101011111111
0111101101100010000010001010000111000001100111001000111101110111001100000111100001000100011101110111110111101011011010001100100000
1000111100001000110011110101101001000101101101111011010101111111010101111001001110100010010011011100100100110001010000011000111011
0101100110110010110000001000001000010101100100001111111000011010001110111010111001110110001111100111110010000101110001000001011110
1010000000100000110001011100111110111110100101001111011110010110001100011000010000101010111100111111111000011001000001010001101101
0100001100101101010110000100011000100001000111111011011110100100110000100001001111100001001100000000001001101001101000011010110010
1000100100100001100111110110110011111111111111010100100001001001110010110111100110101110111100011001010010001100011011000111011111
1111011000111000010111000001010010110001011010001110110011110110111010111010000000100101101101010111000111111110011110001100111100
0101111010010010010010001110001111011011001010110111111110011001100100001100000010110011100000100010001101101011011001110000100100
0001000011101110011111011000110010000111110000100011011000111011001111110101101000011101101001111010000000100010001011011110101100
1000011100110001100001110001101110010011001110000010010110100010000110011101001110010111001000001010001101001111111101000000000111
1110001000100000011100011000011111001011010101010010010101100001011110101010011110010010011010010100001100100111111111010010000011
0010111000011111100111110101110011011000010101010110110111001101110111001110110000111111110111101111011011100100101001100111000111
0111101110000111100010000010001010011011001110111110100111000000001010001010111101001011011110101000000000011011111110000101110001
0011001010011110110011101010001010010001101001100111101011101110010001000001111101101111100011000011011100100100100001110111011001
1110111010011000000100110010001110001000111101100100100001110001100000000101101011001000000011111101100000100111011010101010000011
0111010111010110011111010000101010010000011110100111110101101011010110011000011011110000111100011111011000011010001101011111110100
1011010100001101001101001100100011100111101001001000111000111100010101011001010110010011101000111110010111010010011110000111100011
0011001000001110011100001100011101110011100100011101111010110100010111001101110111101101000100101010000100000110000001100101110000
1100010000100010101110101001100110101010010110110100100010011110101110010001010010100001111110011011111101101000101100111011000100
0011010101111011011111111101111100011010001101100000010001011110110100111111101100010110000011100100100011100101101011110111000001
1110110110001000011111000001010011010010110011011111011111111111010100001010100010001111000000000010100111001001111000000100011110
1011001100011111100010101010110011100110000110110001001000101001000101111010011110010001011101111101000100111101110101010000100101
1110000101111111000010101100010011110010100010011000111001001111001010110010100010001011011101001110111100111010111101100010110111
1101010000111000010000110010011111101001001010101101110100011010010110010110001001001010110100001011001011101110010100100111110000
0001000001110000111110011101011000000111101010101100100000111001110011001010000011111111000011011100111010110000111011101010001100
0100010111110100100101111001110011010111100111110110101010110000111011010011011110100100100110111100011011001111000101110100100000
0001111010100001011110101110010011100000111011101000110011111101001101101010010001000001101000010001000111110111011011110010001001
1111110011001110011111000000111011000000110110001011001111000011100110001110110011110100010010010001110010001101101010001110010100
0101101110101111011011011110010010000100001101001001010010110110110010001110011101001000001100011010011110011000000001111011101000
0110100000111010000101101101010011010100001111010100110001111001111110011000101001000000000000011001001010111011010001111001011110
1011001011000011101001100000110111011001001110001011000100111101001110110001110000111010010110110100000000011110001000010011010110
0110011101110100000010100011000100100110001101110000101101111010011100011001111010011011110001001111000000110011111111101011110111
0100110011110011000001001101111011100111110111000110011111110111111101010101010001010101110011110011010101100110101011100111111010
0010110101010011011000101110000101011110010000101001101000101000010010011001010011101001011010101110010100011101011011011111111110
1001000011101110011011010011011011000000111011110111000011110100000111000100001100011000000111111110111000001100100010001010001111
1001011001110100110011010000111000111100111100111100000101010001111010111101111110100101101101011111100110111000000010011001011010
1010100011110011000100000011100111011011010001001100111000001000111011001100100010001010010101111110000011111000011100110100101001
1100000000011001011011001000101001000111000110011010101000001101000110011001001010100001100000101010010100001101101010101101010011